16
0 0 0 0 0 6 0 12 0 1 8 0 0 0 7 2
0 4 0 0 3 0 0 0 0 6 0 0 9 0 0 0
13 0 0 0 0 0 0 0 0 2 7 5 14 8 0 0
14 0 0 0 4 15 0 0 10 0 0 13 0 0 0 0
0 0 3 10 0 0 2 0 0 0 6 0 0 0 0 0
7 0 0 15 0 10 5 0 0 0 3 0 0 0 0 0
9 13 6 0 7 0 0 0 1 16 0 15 0 3 0 0
8 11 0 0 6 12 0 0 0 4 0 0 15 0 0 7
0 6 4 0 0 3 0 9 2 0 5 0 13 12 0 15
0 5 8 0 11 0 0 0 0 0 0 12 0 14 0 4
0 0 2 0 0 0 12 0 4 11 0 0 5 0 0 8
12 0 0 0 2 0 8 0 0 0 0 0 0 0 0 3
0 0 0 7 0 4 3 0 11 8 2 0 0 0 0 14
0 0 0 2 0 9 0 15 14 7 4 0 3 0 6 5
0 10 0 4 0 0 0 0 5 0 0 0 0 9 0 0
0 0 0 0 0 8 0 0 9 0 0 10 0 0 0 0